-9999.000000
-9999.000000
-9999.000000
-9999.000000
-9999.000000
-9999.000000
-9999.000000
-9999.000000
-9999.000000
-9999.000000
-9999.000000
-9999.000000
-9999.000000
-9999.000000
33.916729
33.916782
33.916782
33.916759
33.916870
33.916939
33.916939
33.916931
33.916931
33.916927
33.916927
33.916927
33.916927
33.916927
33.916927
33.916927
33.916927
33.916927
33.916927
33.916927
33.916927
33.916927
33.916927
33.916927
33.916927
33.916927
33.916927
33.916927
33.916927
33.916927
33.916927
33.916927
33.916927
33.916927
33.916927
33.916927
33.916927
33.916927
33.916927
33.916927
33.916927
33.916927
33.916927
33.916927
33.916927
33.916927
33.916927
33.916927
33.916927
33.916927
33.916927
33.916927
33.916927
33.916927
33.916927
33.916927
33.916927
33.916927
33.916927
33.916927
33.916927
33.916927
33.916927
33.916927
33.916927
33.916927
33.916927
33.916927
33.916927
33.916927
33.916927
33.916927
33.916927
33.916927
33.916927
33.916927
33.916927
33.916927
33.916927
33.916927
33.916927
33.916927
33.916927
33.916927
33.916927
33.916927
33.916927
33.916927
33.916927
33.916927
33.916927
33.916927
33.916927
33.916927
33.916927
33.916927
33.916927
33.916927
33.916927
33.916927
33.916927
33.916927
33.916927
33.916927
33.916927
33.916927
33.916927
33.916927
33.916927
33.916927
33.916927
33.916927
33.916927
33.916927
33.916927
33.916927
33.916927
33.916927
33.916927
33.916927
33.916927
33.916927
33.916927
33.916927
33.916927
33.916927
33.916927
33.916927
33.916927
33.916927
33.916927
33.916927
33.916927
33.916927
33.916927
33.916927
33.916927
33.916927
33.916927
33.916927
33.916927
33.916927
33.916927
33.916927
33.916927
33.916927
33.916927
33.916927
33.916927
33.916927
33.916927
33.916927
33.916927
33.916927
33.916927
33.916927
33.916927
33.916927
33.916927
33.916927
33.916927
33.916927
33.916927
33.916927
33.916927
33.916927
33.916927
33.916927
33.916927
33.916927
33.916927
33.916927
33.916927
33.916927
33.916927
33.916927
33.916927
33.916927
33.916927
33.916927
33.916927
33.916927
33.916927
33.916927
33.916927
33.916927
33.916927
33.916927
33.916927
33.916927
33.916927
33.916927
33.916927
33.916927
33.916927
33.916927
33.916927
33.916927
33.916927
33.916927
33.916927
33.916927
33.916927
33.916927
33.916927
33.916927
33.916927
33.916927
33.916927
33.916927
33.916927
33.916927
33.916927
33.916927
33.916927
33.916927
33.916927
33.916927
33.916927
33.916927
33.916927
33.916927
33.916927
33.916927
33.916927
33.916935
33.916962
33.917004
33.917053
33.917103
33.917156
33.917206
33.917252
33.917290
33.917416
33.917622
33.917767
33.917858
33.917950
33.918045
33.918159
33.918293
33.918446
33.918613
33.918804
33.918999
33.919220
33.919445
33.919682
33.919926
33.920177
33.920437
33.920696
33.920967
33.921253
33.921532
33.921787
33.922035
33.922279
33.922531
33.922810
33.923111
33.923431
33.923759
33.924099
33.924438
33.924812
33.925171
33.925568
33.925964
33.926373
33.926792
33.927227
33.927677
33.928143
33.928623
33.929119
33.929611
33.930157
33.930706
33.931267
33.931850
33.932430
33.933071
33.933685
33.934341
33.935020
33.935715
33.936455
33.937195
33.937954
33.938736
33.939510
33.940334
33.941212
33.942085
33.942951
33.943901
33.944847
33.945789
33.946785
33.947845
33.948898
33.949978
33.951084
33.952221
33.953384
33.954540
33.955822
33.957104
33.958416
33.959763
33.961159
33.962601
33.964043
33.965630
33.967148
33.968815
33.970409
33.972179
33.973946
33.975777
33.977669
33.979626
33.981567
33.983696
33.985802
33.987957
33.990158
33.992405
33.994701
33.997040
33.999428
34.001873
34.004311
34.006985
34.009548
34.012260
34.015129
34.017960
34.020748
34.023781
34.026775
34.029819
34.032921
34.036079
34.039185
34.042450
34.045891
34.049274
34.052605
34.056229
34.059799
34.063446
34.067070
34.071072
34.075089
34.079128
34.083633
34.088245
34.093056
34.098408
34.103848
34.109371
34.115005
34.120552
34.126396
34.132538
34.138588
34.144531
34.150990
34.157341
34.163578
34.170132
34.177017
34.183784
34.190491
34.197956
34.205498
34.213165
34.220947
34.228859
34.236626
34.245064
34.253368
34.261810
34.270390
34.279110
34.287975
34.296989
34.306152
34.315468
34.324944
34.334576
34.344040
34.353996
34.364464
34.374767
34.385246
34.395554
34.406757
34.417797
34.429031
34.440464
34.452099
34.463951
34.476017
34.488297
34.500744
34.513332
34.525616
34.538864
34.551830
34.564972
34.578312
34.591869
34.605667
34.619244
34.633545
34.648598
34.662735
34.677624
34.693577
34.709866
34.726967
34.743748
34.760162
34.777912
34.795326
34.813015
34.830517
34.848068
34.865971
34.884232
34.902893
34.922878
34.943222
34.962337
34.984318
35.004383
35.025841
35.045540
35.066925
35.088013
35.109512
35.132446
35.156052
35.179722
35.203144
35.226154
35.251244
35.277939
35.304157
35.328072
35.357262
35.386322
35.420761
35.462193
35.507416
35.560917
35.655548
35.819981
36.100533
36.551929
37.120464
37.890465
38.768871
39.882034
41.140331
42.581226
44.201595
45.991638
47.872021
50.029099
52.247715
54.579994
57.015133
59.459217
62.052223
64.745567
67.287262
69.648643
71.670288
73.179497
74.030594
74.175362
73.734756
72.990341
72.258186
71.844673
71.963036
72.657959
73.775352
75.009926
76.234146
77.345299
78.311501
79.284615
80.360336
81.593163
82.991447
84.533791
86.190590
87.943810
89.804611
91.719444
93.887093
96.080009
98.257065
100.613266
102.899940
105.185341
107.474472
109.700523
112.104393
114.461426
116.852348
119.277435
121.734138
124.218719
126.727707
129.257477
131.804794
134.367523
136.945343
139.541367
142.160843
144.809372
147.492523
150.214050
152.973862
155.767822
158.588882
161.428696
164.278870
167.131531
169.979111
172.814087
175.629211
178.417068
181.169983
183.880447
186.541779
189.062256
191.694794
194.176910
196.589630
198.927612
201.185898
203.360138
205.446915
207.378738
209.349579
211.104828
212.887207
214.521301
216.068710
217.485352
218.917816
220.228897
221.472595
222.656738
223.790268
224.882935
225.944824
226.985977
228.016159
229.010406
230.080780
231.132660
232.208710
233.317001
234.465347
235.661057
236.910690
238.219757
239.592575
241.032669
242.543121
244.127213
245.788849
247.531937
249.297211
251.273041
253.272659
255.357178
257.523987
259.769165
262.087860
264.474701
266.840607
269.425507
271.973114
274.557922
276.998047
279.813507
282.473450
285.148071
287.742035
290.516602
293.195129
295.859344
298.501740
301.114990
303.691711
306.140625
308.704498
311.124268
313.475586
315.751495
317.945618
320.052216
322.000977
323.985138
325.805206
327.525269
329.144775
330.664276
332.085358
333.368378
334.605621
335.792908
336.859161
337.818451
338.773865
339.638123
340.453400
341.231354
341.984772
342.727264
343.472931
344.236084
345.030609
345.869293
346.764496
347.728821
348.737976
349.911163
351.147858
352.491638
353.949005
355.525543
357.227081
359.059021
361.025879
363.130219
365.372681
367.751648
370.263885
372.903931
375.664642
378.245697
381.413269
384.582825
387.732422
390.949280
394.218262
397.523407
400.848602
404.178314
407.497772
410.683319
414.047882
417.247925
420.376953
423.420410
426.269531
429.204132
431.927155
434.529266
437.006134
439.355438
441.575043
443.662964
445.617798
447.380371
449.126465
450.681335
452.059692
453.400269
454.571442
455.592804
456.574615
457.428772
458.202087
458.909088
459.564606
460.183502
460.780487
461.370789
461.970093
462.594055
463.257660
463.975555
464.761139
465.626465
466.582275
467.637848
468.800690
470.077148
471.424011
472.991699
474.640503
476.424988
478.283478
480.417511
482.626556
484.972565
487.448364
490.044891
492.751495
495.556488
498.447266
501.410492
504.432373
507.498810
510.595734
513.708984
516.824524
519.928528
523.007385
526.047668
529.036438
530.799744
530.799744
530.799744
530.799744
530.799744
530.799744
530.799744
530.799744
530.799744
530.799744
530.799744
530.799744
530.799744
530.799744
530.799744
530.799744
530.799744
530.799744
530.799744
530.799744
530.799744
530.799744
530.799744
530.799744
530.799744
530.799744
530.799744
530.799744
530.799744
530.799744
530.799744
530.799744
530.799744
530.799744
530.799744
530.799744
530.799744
530.799744
530.799744
530.799744
533.490784
536.294861
539.006714
541.446106
544.117126
546.501709
548.692566
550.907227
552.923218
554.813171
556.577087
558.216492
559.733704
561.132141
562.415771
563.589905
564.661011
565.638062
566.531189
567.351196
568.109558
568.818665
569.491516
570.142090
570.785217
571.435913
572.109131
572.818359
573.549377
574.390747
575.273315
576.232361
577.276733
578.415405
579.656494
581.006287
582.368652
584.051331
585.754578
587.456299
589.467407
591.610840
593.807922
596.121155
598.461975
601.070313
603.691284
606.399292
609.185913
612.041992
614.957764
617.922913
620.926697
623.958008
627.005615
630.058289
633.003601
636.134583
639.136475
642.100098
644.726318
647.872681
650.662903
653.288513
655.923218
658.551270
660.996582
663.339905
665.503845
667.703674
669.719482
671.624329
673.419739
675.108032
676.692200
678.080078
679.563843
680.819092
682.073669
683.210083
684.279846
685.293213
686.229492
687.195068
688.107666
689.012207
689.922302
690.850952
691.810120
692.810669
693.863037
694.977356
696.163330
697.430115
698.785278
700.234985
701.784302
703.437561
705.198181
707.068604
709.049683
711.140381
713.337708
715.637085
718.032959
720.518982
723.088257
725.732971
728.444275
731.212158
734.025879
736.874634
739.747986
742.635803
745.527649
748.412537
751.278931
754.115051
756.909119
759.650269
762.328735
764.936157
767.465515
769.911072
772.267822
774.531616
776.699097
778.766968
780.732117
782.591858
784.343689
785.986267
787.520447
788.949646
790.280212
791.520569
792.680420
793.769897
794.799561
795.779602
796.719971
797.630737
798.522156
799.404663
800.288696
801.184875
802.103699
803.055664
804.051086
805.099792
806.211182
807.394226
808.656860
810.005859
811.446838
812.984436
814.622009
816.183411
818.142395
820.151978
822.199951
824.346985
826.589783
828.923523
831.341980
833.837585
836.401855
839.025879
841.700256
844.415344
847.161377
849.928406
852.706482
855.485718
858.256348
861.008728
863.733643
866.422119
868.978149
871.655640
874.185242
876.647339
879.036133
881.346375
883.574097
885.716064
887.770142
889.735229
891.550232
893.399475
895.101624
896.720825
898.260437
899.724365
901.117188
902.444275
903.711487
904.925171
906.091614
907.217285
908.308716
909.372620
910.416260
911.446899
912.472290
913.500183
914.538513
915.594910
916.676880
917.791382
918.944885
920.143066
921.390808
922.692261
924.050476
925.467651
926.945068
928.483093
930.081299
931.738281
933.451172
935.217163
937.036133
938.909302
940.839294
942.831726
944.893433
947.031067
949.250366
951.555298
953.948425
956.430603
959.001648
961.660034
964.402710
967.227051
970.129761
973.106689
976.152344
979.260010
982.421509
985.628357
988.872192
992.143433
995.431396
998.723450
1002.005127
1005.260376
1008.473389
1011.630371
1014.414551
1017.734314
1020.665466
1023.507324
1026.253174
1028.895630
1031.428345
1033.845093
1036.139404
1038.305420
1040.338379
1042.235107
1043.993774
1045.614990
1047.101807
1048.459595
1049.696167
1050.821167
1051.844360
1052.776733
1053.629028
1054.412354
1055.138184
1055.818237
1056.464722
1057.090332
1057.708252
1058.332031
1058.975220
1059.651611
1060.374756
1061.130493
1061.923584
1062.951294
1063.983765
1065.119263
1066.365479
1067.728516
1069.213379
1070.823730
1072.502075
1074.430664
1076.429810
1078.559204
1080.816772
1083.198853
1085.699707
1088.312256
1091.027832
1093.837280
1096.730225
1099.695679
1102.619751
1105.795410
1108.905396
1112.040039
1115.188354
1118.338745
1121.479004
1124.595581
1127.674683
1130.701782
1133.662598
1136.543335
1139.329590
1142.007690
1144.564087
1146.986328
1149.263916
1151.388794
1153.355591
1155.161743
1156.806763
1158.291992
1159.621338
1160.800537
1161.837402
1162.740845
1163.522095
1164.193604
1164.770630
1165.270752
1165.714233
1166.120972
1166.514526
1166.916748
1167.337158
1167.776245
1168.225342
1168.656616
1169.012085
1169.219116
1169.207397
1168.934570
1168.423950
1167.774780
1167.122314
1166.589111
1166.263672
1166.200195
1166.422852
1166.939453
1167.751465
1168.859497
1170.263672
1171.959717
1173.937500
1176.183350
1178.684937
1181.434814
1184.430298
1187.671021
1191.149902
1194.853149
1198.760620
1202.846680
1206.510010
1211.435913
1215.875122
1220.366943
1224.877930
1229.375732
1233.828857
1238.207520
1242.483887
1246.359985
1250.498047
1254.330078
1258.093506
1261.529663
1264.749023
1267.739380
1270.490234
1272.992676
1275.026733
1277.226318
1278.949341
1280.407715
1281.531372
1282.538452
1283.220459
1283.657593
1283.860596
1283.843018
1283.620483
1283.210938
1282.635498
1281.920776
1281.093506
1280.181885
1279.214233
1278.217407
1277.216309
1276.233643
1275.289795
1274.403442
1273.592041
1272.871826
1272.275269
1271.762207
1271.406128
1271.206299
1271.178345
1271.344849
1271.712891
1272.226440
1272.461548
1277.183594
1282.152344
1284.413452
1286.836426
1289.402466
1292.003296
1294.609131
1297.473633
1300.301880
1302.971802
1305.939087
1308.893066
1311.714844
1314.385498
1317.154663
