0.000000
80.707657
80.707657
80.707657
80.707657
80.707657
80.707657
80.707657
80.707657
80.707657
80.707657
80.707657
80.707657
80.707657
80.707657
80.707657
80.707657
80.707657
80.707619
80.707619
80.707619
80.707619
80.707619
80.707619
80.707619
80.707619
80.707619
80.707619
80.707619
80.707619
80.707619
80.707619
80.707619
80.707619
80.707619
80.707619
80.707619
80.707619
80.707619
80.707619
80.707619
80.707619
80.707619
80.707619
80.707619
80.707619
80.707619
80.707619
80.707619
80.707619
80.707619
80.707619
80.707619
80.707619
80.707619
80.707619
80.707619
80.707619
80.707619
80.707619
80.707619
80.707619
80.707619
80.707619
80.707619
80.707619
80.707619
80.707619
80.707619
80.707619
80.707619
80.707619
80.707619
80.707619
80.707619
80.707619
80.707619
80.707619
80.707619
80.707619
80.707619
80.707619
80.707619
80.707619
80.707619
80.707619
80.707619
80.707619
80.707619
80.707619
80.707619
80.707619
80.707619
80.707619
80.707619
80.707619
80.707619
80.707619
80.707619
80.707619
80.707619
80.707619
80.707619
80.707619
80.707619
80.707619
80.707619
80.707619
80.707619
80.707619
80.707619
80.707619
80.707619
80.707619
80.707619
80.707619
80.707619
80.707619
80.707619
80.707619
80.707619
80.707619
80.707619
80.707619
80.707619
80.707619
80.707619
80.707619
80.707619
80.707619
80.707619
80.707619
80.707619
80.707619
80.707619
80.707619
80.707619
80.707619
80.707619
80.707619
80.707619
80.707619
80.707619
80.707619
80.707619
80.707619
80.707619
80.707619
80.707619
80.707619
80.707619
80.707619
80.707619
80.707619
80.707619
80.707619
80.707619
80.707619
80.707619
80.707619
80.707619
80.707619
80.707619
80.707619
80.707619
80.707619
80.707619
80.707619
80.707619
80.707619
80.707619
80.707619
80.707619
80.707619
80.707619
80.707619
80.707619
80.707619
80.707619
80.707619
80.707619
80.707619
80.707619
80.707619
80.707619
80.707619
80.707619
80.707619
80.707619
80.707619
80.707619
80.707619
80.707619
80.707619
80.707619
80.707619
80.707619
80.707619
80.707619
80.707619
80.707619
80.707619
80.707619
80.707619
80.707619
80.707619
80.707619
80.707619
80.707619
80.707619
80.707619
80.707619
80.707619
80.707619
80.707619
80.707619
80.707619
80.707619
80.707619
80.707619
80.707619
80.707619
80.707619
80.707619
80.707619
80.707619
80.707619
80.707619
80.707619
80.707619
80.707619
80.707619
80.707619
80.707619
80.707619
80.707619
80.707619
80.707619
80.707619
80.707619
80.707619
80.707619
80.707619
80.707619
80.707619
80.707619
80.707619
80.707619
80.707619
80.707619
80.707619
80.707619
80.707619
80.707619
80.707619
80.707619
80.707619
80.707619
80.707619
80.707619
80.707619
80.707619
80.707619
80.707619
80.707619
80.707619
80.707619
80.707619
80.707619
80.707619
80.707619
80.707619
80.707619
80.707619
80.707619
80.707619
80.707619
80.707619
80.707619
80.707619
80.707619
80.707619
80.707619
80.707619
80.707619
80.707619
80.707619
80.707619
80.707619
80.707619
80.707619
80.707619
80.707619
80.707619
80.707619
80.707619
80.707619
80.707619
80.707619
80.707619
80.707619
80.707619
80.707619
80.707619
80.707619
80.707619
80.707619
80.707611
80.707588
80.707542
80.707420
80.707130
80.706497
80.705231
80.702972
80.699303
80.694092
80.687866
80.681946
80.676453
80.672050
80.668198
80.664337
80.660309
80.656502
80.652893
80.648941
80.645119
80.641266
80.637383
80.633629
80.629677
80.625511
80.621460
80.617531
80.613197
80.608940
80.604767
80.600121
80.595551
80.591042
80.586006
80.581047
80.575951
80.570702
80.565750
80.559952
80.553955
80.548012
80.541885
80.535561
80.529396
80.522842
80.515778
80.509109
80.501656
80.494324
80.486755
80.478912
80.471123
80.462425
80.453812
80.444977
80.436264
80.426529
80.416954
80.407074
80.396942
80.386978
80.376320
80.365425
80.353806
80.342407
80.330765
80.318878
80.306755
80.294380
80.281738
80.268814
80.255577
80.242020
80.228722
80.214493
80.199898
80.184303
80.168945
80.153221
80.138489
80.120674
80.103867
80.086693
80.069176
80.052826
80.033134
80.014603
79.996536
79.976547
79.957855
79.937180
79.917854
79.912468
79.964821
80.034554
80.121941
80.140343
80.129570
80.155266
80.229012
80.314735
80.414482
80.474731
80.479134
80.464531
80.443459
80.434776
80.495720
80.586678
80.691025
80.811813
80.937180
81.050095
81.091454
81.093956
81.079216
81.057190
81.030792
81.003830
80.977150
80.948723
80.918633
80.889343
80.859703
80.833176
80.876907
80.982475
81.086418
81.125664
81.130035
81.116905
81.094841
81.068123
81.040131
81.008224
80.976723
80.944664
80.912193
80.879402
80.846298
80.812912
80.780655
80.745285
80.710991
80.679260
80.641373
80.606010
80.571777
80.534195
80.503593
80.555115
80.682701
80.850494
81.065689
81.293839
81.536591
81.779625
82.052605
82.263695
82.396957
82.473724
82.508041
82.519661
82.514275
82.499947
82.475388
82.447922
82.417511
82.385284
82.352013
82.318268
82.284393
82.252113
82.218842
82.184814
82.152817
82.122864
82.091164
82.062851
82.034264
82.005653
81.979279
81.953979
81.929756
81.908470
81.884422
81.864082
81.843735
81.824219
81.804756
81.787643
81.769958
81.754601
81.738930
81.724953
81.712074
81.700363
81.690254
81.680580
81.672646
81.666344
81.661026
81.657501
81.655579
81.655228
81.656609
81.659813
81.664650
81.671204
81.679123
81.689552
81.700813
81.714218
81.729240
81.745735
81.764366
81.783562
81.785736
81.692703
81.537613
81.415337
81.329659
81.274025
81.242149
81.228661
81.229233
81.239967
81.259369
81.286545
81.317940
81.353523
81.392555
81.434540
81.478951
81.525406
81.571693
81.621452
81.651978
81.588829
81.478310
81.402992
81.363777
81.354584
81.367439
81.397049
81.439453
81.486778
81.537392
81.589088
81.638351
81.674797
81.624161
81.498779
81.329002
81.131477
81.009964
80.954498
80.950867
80.983116
81.036476
81.099106
81.162178
81.217812
81.268074
81.311172
81.344025
81.368881
81.389282
81.406349
81.420067
81.431625
81.442589
81.452751
81.461105
81.467773
81.472160
81.475800
81.481659
81.495232
81.523972
81.576157
81.656715
81.754974
81.835495
81.860649
81.812675
81.663391
81.425049
81.066200
80.571907
80.011734
79.325806
78.544456
77.638954
76.689003
75.667107
74.578606
73.478012
72.331688
71.166687
70.012695
68.749763
67.367210
65.600998
62.990139
59.726387
55.615841
51.447342
47.303829
43.535503
40.651924
38.927315
38.396191
38.921692
40.167313
41.784729
43.720039
46.089626
49.037624
52.422474
55.606407
57.532814
57.689659
56.175346
53.201370
49.551510
45.670666
42.080902
39.067383
36.873394
35.400997
34.850910
35.323154
36.688847
38.689983
41.409912
44.254189
47.103722
49.787579
52.173916
54.143772
55.596134
56.526306
57.053009
57.322369
57.469574
57.550667
57.659584
57.881668
58.276878
58.766918
59.720707
60.779446
62.031330
63.433117
64.934181
66.419601
68.035904
69.523720
70.848724
71.946220
72.796791
73.362961
73.730362
73.911087
73.991585
74.032372
74.090660
74.196762
74.371956
74.597672
74.936577
75.300217
75.686836
76.067322
76.411964
76.693291
76.882462
77.039398
77.155792
77.241425
77.332199
77.421112
77.547630
77.685112
77.815369
77.891136
77.895920
77.820724
77.643906
77.391487
77.130699
76.872719
76.613716
76.350403
76.080292
75.813560
75.514122
75.217369
74.925049
74.599731
74.281517
73.959198
73.634453
73.309540
73.039352
72.849823
72.724922
72.649239
72.597160
72.560028
72.521683
72.472038
72.404884
72.317932
72.212524
72.093010
71.966026
71.855217
71.834091
71.903854
72.052559
72.266029
72.529488
72.817329
73.050110
73.221237
73.287872
73.242592
73.116104
72.880127
72.543259
72.096420
71.597565
71.100609
70.648209
70.262314
69.844879
69.461723
69.107506
68.785110
68.489868
68.222610
67.903923
67.539757
67.135834
66.799690
66.547844
66.391899
66.282982
66.179588
66.026581
65.855042
65.677544
65.464874
65.195259
64.913719
64.631630
64.442993
64.299782
64.197105
64.106743
64.012306
63.903065
63.773975
63.625229
63.461422
63.297585
63.122227
62.967537
62.836834
62.739433
62.682831
62.672321
62.710869
62.799225
62.936230
63.119198
63.344406
63.595905
63.904312
64.188286
64.582870
64.958740
65.339615
65.773247
66.149055
66.471405
66.731628
66.896805
67.001282
67.071800
67.171616
67.298790
67.483986
67.740143
68.075272
68.550499
69.172340
69.904716
70.645897
71.324287
72.012680
72.619087
73.172379
73.651360
74.005898
74.263817
74.457825
74.558243
74.577682
74.559875
74.543777
74.558846
74.624878
74.751495
74.938789
75.185776
75.549538
76.016655
76.548882
77.170654
77.863098
78.574692
79.260826
79.886749
80.412621
80.758720
80.892029
80.796577
80.525078
80.137131
79.689278
79.230988
78.817604
78.542809
78.417442
78.418861
78.529411
78.714745
78.940376
79.172440
79.380356
79.538742
79.628647
79.638031
79.561722
79.400757
79.161491
78.854248
78.491905
78.088387
77.657387
77.211243
76.764992
76.387726
76.092354
75.872566
75.684868
75.534653
75.394119
75.245872
75.075645
74.873070
74.631935
74.350220
74.033501
73.749222
73.516159
73.325317
73.114906
72.845955
72.527527
72.172256
71.744659
71.248390
70.646011
70.038376
69.430923
68.846802
68.350311
67.989998
67.749199
67.651306
67.706764
67.860947
67.995430
68.057610
68.031288
67.911606
67.703812
67.421318
67.083237
66.711632
66.328873
65.955284
65.607491
65.297386
65.031731
64.812363
64.636833
64.499306
64.391647
64.304497
64.228294
64.154152
64.074463
63.983345
63.876865
63.753002
63.611507
63.453583
63.383492
63.383492
63.383492
63.383492
63.383492
63.383492
63.383492
63.383492
63.383492
63.383492
63.383492
63.383492
63.383492
63.383492
63.383492
63.383492
63.383492
63.383492
63.383492
63.383492
63.383492
63.383492
63.383492
63.383492
63.383492
63.383492
63.383492
63.383492
63.383492
63.383492
63.383492
63.383492
63.383492
63.383492
63.383492
63.383492
63.383492
63.383492
63.383492
63.383492
63.383492
63.383492
63.383492
63.383492
63.383492
63.383492
63.383492
63.383492
63.383492
63.347534
63.160465
62.971710
62.779224
62.648762
62.588547
62.595036
62.613338
62.578590
62.497555
62.438019
62.410194
62.406647
62.405220
62.337658
62.207237
62.086163
62.004047
61.960461
61.919563
61.830097
61.701836
61.547245
61.379192
61.250351
61.212132
61.256802
61.387093
61.651405
62.026878
62.479275
62.974632
63.428108
63.790798
64.064545
64.260971
64.399109
64.490891
64.493965
64.436020
64.358109
64.297295
64.305244
64.468582
64.788376
65.235710
65.715530
66.201767
66.684052
67.154564
67.608452
67.990463
68.461845
68.865524
69.259727
69.650070
69.982697
70.322968
70.554909
70.745377
70.917198
71.090134
71.279610
71.496010
71.744514
72.025459
72.335068
72.666420
73.010544
73.357521
73.697510
74.021530
74.322144
74.593796
74.833000
75.038246
75.209831
75.349480
75.459976
75.544724
75.607414
75.684517
75.858269
76.067818
76.356224
76.743027
77.136360
77.661163
78.048584
78.283623
78.352509
78.279793
78.096771
77.839714
77.600754
77.428589
77.332581
77.299118
77.260071
77.211060
77.156219
77.151863
77.223969
77.355240
77.525833
77.673866
77.738770
77.721397
77.628754
77.472977
77.324348
77.224030
77.169022
77.146408
77.080078
76.955452
76.782364
76.623642
76.526192
76.482872
76.483025
76.514137
76.539017
76.482300
76.346916
76.145874
75.895210
75.649384
75.387672
75.241364
75.108589
74.949203
74.766220
74.563316
74.344276
74.112877
73.927017
73.819191
73.771523
73.763718
73.754250
73.660355
73.477608
73.214211
72.898773
72.612549
72.364357
72.150261
72.006027
71.965897
72.004440
72.094460
72.209816
72.327507
72.424118
72.423210
72.300056
72.005760
71.561661
71.009712
70.393471
69.803894
69.313637
68.997292
68.855370
68.862190
68.984650
69.155716
69.288246
69.372269
69.461685
69.553551
69.631653
69.627525
69.537720
69.428963
69.330109
69.243584
69.134224
68.981239
68.869965
68.815384
68.818336
68.822731
68.858772
68.955406
69.105614
69.250031
69.344620
69.398071
69.422096
69.429848
69.434479
69.447952
69.480141
69.538208
69.626701
69.802254
70.094078
70.479462
70.932556
71.390175
71.776787
72.090515
72.338020
72.531639
72.687317
72.822495
72.954216
73.097534
73.264404
73.463043
73.697807
73.957336
74.275246
74.610535
74.968697
75.342361
75.724129
76.107201
76.485832
76.855682
77.213959
77.559372
77.891998
78.213051
78.524582
78.829124
79.129440
79.428185
79.727730
80.029984
80.336288
80.647430
80.963631
81.284607
81.609718
81.938042
82.268608
82.648170
83.108337
83.631485
84.198555
84.790932
85.391930
85.987938
86.569168
87.130066
87.669182
88.188843
88.694351
89.193192
89.694031
90.205658
90.736519
91.293732
91.882690
92.507133
93.168755
93.867554
94.602066
95.369774
96.167351
96.991432
97.838638
98.706108
99.591652
100.493896
101.412338
102.347252
103.299583
104.270767
105.262535
106.276718
107.315048
108.357903
109.331177
110.180244
110.870728
111.618805
112.218178
112.751846
113.265305
113.796272
114.372910
115.013008
115.724022
116.503830
117.342209
118.222839
119.125679
120.029335
120.906403
121.669144
122.299232
122.807426
123.209915
123.526108
123.776215
123.979492
124.146950
124.222588
124.206619
124.121956
123.988823
123.837173
123.745995
123.714645
123.749855
123.886856
124.092400
124.389023
124.740135
125.091515
125.396095
125.616692
125.727386
125.713860
125.581169
125.310562
124.941261
124.484322
123.965813
123.469765
123.028687
122.644081
122.312248
122.026611
121.843666
121.736115
121.711708
121.729233
121.761497
121.785156
121.782059
121.739990
121.652893
121.520584
121.348068
121.144470
120.921776
120.693428
120.481819
120.272812
120.103409
119.972549
119.885101
119.843025
119.845657
119.887497
119.972031
120.086014
120.226456
120.388107
120.558113
120.664551
120.703362
120.693672
120.656914
120.614426
120.585457
120.541183
120.448708
120.333168
120.200500
119.999748
119.751671
119.483963
119.219215
118.973648
118.756561
118.570572
118.412407
118.274139
118.144661
118.011536
117.917549
117.881454
117.914185
118.035072
118.200691
118.370285
118.509544
118.592476
118.559258
118.359444
118.011688
117.514565
116.844826
116.050591
115.182579
114.286934
113.401978
112.556152
111.767143
111.042122
110.378822
109.767296
109.192093
108.634468
108.074554
107.493149
106.873192
106.213295
105.564743
104.917358
104.251762
103.551506
102.807777
102.072151
101.352356
100.652000
100.016228
99.425980
98.857559
98.260086
97.566704
96.775238
95.664009
93.791306
91.078209
87.750778
84.118996
80.414703
76.924400
74.242432
72.692841
72.079254
72.111755
72.526970
73.054787
73.512054
73.793922
73.871040
73.705368
73.219292
72.355972
71.048759
69.325645
67.436615
64.953278
62.604416
60.454456
58.357174
56.656498
55.292343
54.253555
53.498447
52.966202
52.587593
52.293507
52.004063
51.595093
51.037567
50.331188
49.491302
48.544834
47.525856
47.000721
46.206112
44.388630
43.412121
42.499458
41.655659
40.878429
40.159698
39.487431
38.847427
38.250694
37.605911
37.241478
36.331924
35.659931
34.957565
34.223049
33.457191
32.662807
31.844046
31.005781
30.153063
29.290699
28.422935
27.553246
26.684216
25.817545
24.953955
24.093483
23.235620
22.379332
21.523373
20.666441
19.807348
18.945148
18.079248
17.209476
16.336109
15.418344
14.421346
13.357896
12.188057
10.907294
9.486480
7.959194
6.373735
4.773791
3.194632
1.660668
0.184494
358.767334
357.400726
356.069366
354.918640
353.435059
352.090179
350.701294
349.253845
347.931671
346.150513
344.491119
342.764984
341.055511
331.588989
325.612152
324.616821
322.443634
319.559753
317.489624
315.386993
313.339142
311.075195
308.864044
306.710693
304.429047
302.016479
299.667999
297.389526
294.883942
292.451965
289.995209
