0.000000
416.576263
416.576263
416.576263
416.576263
416.576263
416.576263
416.576263
416.576263
416.576263
416.576263
416.576263
416.576263
416.576263
416.576263
416.576263
416.576263
416.576263
0.000000
0.000000
32.594719
13.617897
4.906225
0.000000
0.000000
0.000000
0.000000
0.000000
0.000000
0.000000
0.000000
0.000000
0.000000
0.000000
0.000000
0.000000
0.000000
0.000000
0.000000
0.000000
0.000000
0.000000
0.000000
0.000000
0.000000
0.000000
0.000000
0.000000
0.000000
0.000000
0.000000
0.000000
0.000000
0.000000
0.000000
0.000000
0.000000
0.000000
0.000000
0.000000
0.000000
0.000000
0.000000
0.000000
0.000000
0.000000
0.000000
0.000000
0.000000
0.000000
0.000000
0.000000
0.000000
0.000000
0.000000
0.000000
0.000000
0.000000
0.000000
0.000000
0.000000
0.000000
0.000000
0.000000
0.000000
0.000000
0.000000
0.000000
0.000000
0.000000
0.000000
0.000000
0.000000
0.000000
0.000000
0.000000
0.000000
0.000000
0.000000
0.000000
0.000000
0.000000
0.000000
0.000000
0.000000
0.000000
0.000000
0.000000
0.000000
0.000000
0.000000
0.000000
0.000000
0.000000
0.000000
0.000000
0.000000
0.000000
0.000000
0.000000
0.000000
0.000000
0.000000
0.000000
0.000000
0.000000
0.000000
0.000000
0.000000
0.000000
0.000000
0.000000
0.000000
0.000000
0.000000
0.000000
0.000000
0.000000
0.000000
0.000000
0.000000
0.000000
0.000000
0.000000
0.000000
0.000000
0.000000
0.000000
0.000000
0.000000
0.000000
0.000000
0.000000
0.000000
0.000000
0.000000
0.000000
0.000000
0.000000
0.000000
0.000000
0.000000
0.000000
0.000000
0.000000
0.000000
0.000000
0.000000
0.000000
0.000000
0.000000
0.000000
0.000000
0.000000
0.000000
0.000000
0.000000
0.000000
0.000000
0.000000
0.000000
0.000000
0.000000
0.000000
0.000000
0.000000
0.000000
0.000000
0.000000
0.000000
0.000000
0.000000
0.000000
0.000000
0.000000
0.000000
0.000000
0.000000
0.000000
0.000000
0.000000
0.000000
0.000000
0.000000
0.000000
0.000000
0.000000
0.000000
0.000000
0.000000
0.000000
0.000000
0.000000
0.000000
0.000000
0.000000
0.000000
0.000000
0.000000
0.000000
0.000000
0.000000
0.000000
0.000000
0.000000
0.000000
0.000000
0.000000
0.000000
0.000000
0.000000
0.000000
0.000000
0.000000
0.000000
0.000000
0.000000
0.000000
0.000000
0.000000
0.000000
0.000000
0.000000
0.000000
0.000000
0.000000
0.000000
0.000000
0.000000
0.000000
0.000000
0.000000
0.000000
0.000000
0.000000
0.000000
0.000000
0.000000
0.000000
0.000000
0.000000
0.000000
0.000000
0.000000
0.000000
0.000000
0.000000
0.000000
0.000000
0.000000
0.000000
0.000000
0.000000
0.000000
0.000000
0.000000
0.000000
0.000000
0.000000
0.000000
0.000000
0.000000
0.000000
0.000000
0.000000
0.000000
0.000000
0.000000
0.000000
0.000000
0.000000
0.000000
0.000000
0.000000
0.000000
0.000000
0.000000
0.000000
0.000000
0.000000
0.000000
0.000000
0.000000
0.000000
0.000000
0.000000
0.000000
0.000000
0.000000
0.769407
0.782947
0.822776
0.880588
0.948304
1.019891
1.091216
1.159525
1.223065
1.278861
1.333445
1.379873
1.419259
1.455410
1.488228
1.515730
1.538877
1.561031
1.579859
1.596809
1.612235
1.625927
1.639366
1.652768
1.665191
1.676872
1.689501
1.701829
1.713633
1.727154
1.740664
1.754454
1.770392
1.786836
1.804491
1.823366
1.841741
1.863834
1.887212
1.910643
1.935165
1.960703
1.986200
2.013627
2.043470
2.071602
2.103327
2.134845
2.167227
2.200508
2.233346
2.270041
2.306000
2.342852
2.378948
2.419029
2.458083
2.497900
2.538379
2.577744
2.619474
2.661793
2.706609
2.750051
2.794241
2.839026
2.884437
2.930488
2.977200
3.024672
3.073018
3.122151
3.170060
3.221154
3.273356
3.328958
3.383325
3.438715
3.490270
3.552346
3.610610
3.669746
3.729833
3.785475
3.852288
3.914981
3.975611
4.042665
4.105169
4.174117
4.238376
4.309343
4.378009
4.445650
4.530050
4.600785
4.677445
4.753156
4.832207
4.909639
4.995469
5.078267
5.159792
5.241822
5.325012
5.409488
5.497947
5.585556
5.674471
5.772613
5.872146
5.968440
6.059186
6.153656
6.247701
6.343208
6.444045
6.541871
6.636914
6.737403
6.843377
6.946344
7.050493
7.151259
7.264554
7.377234
7.491318
7.603937
7.715899
7.828534
7.941990
8.056502
8.167365
8.289327
8.407649
8.527576
8.649215
8.772426
8.896774
9.023257
9.146156
9.281738
9.413970
9.537118
9.684701
9.823345
9.958241
10.107132
10.252192
10.402256
10.557527
10.709807
10.878512
11.042613
11.209093
11.370477
11.547802
11.711261
11.879967
12.055273
12.217213
12.394454
12.566107
12.724890
12.914369
13.091123
13.269778
13.449828
13.631868
13.815508
14.000731
14.179535
14.367880
14.565825
14.757948
14.943390
15.147216
15.336084
15.534949
15.744076
15.946715
16.151340
16.358137
16.549749
16.779118
16.984348
17.201460
17.421419
17.653427
17.869675
18.107349
18.328529
18.571848
18.807772
19.046505
19.288084
19.521692
19.778683
20.028103
20.268635
20.533146
20.789524
21.048372
21.265985
21.562498
21.840153
22.109009
22.380709
22.643700
22.931952
23.200096
23.482904
23.769117
24.058887
24.364723
24.661596
24.961216
25.260330
25.560402
25.864656
26.173952
26.487806
26.805237
27.126438
27.450890
27.764692
28.094961
28.441805
28.777338
29.115427
29.455566
29.798557
30.143953
30.492342
30.828814
31.182852
31.553823
31.910053
32.267475
32.630138
32.997978
33.371891
33.735073
34.119396
34.525169
34.919827
35.318939
35.722336
36.112705
36.540134
36.950825
37.361298
37.756149
38.188713
38.610130
39.038387
39.472561
39.911991
40.356316
40.805058
41.257107
41.694004
42.153145
42.634438
43.099487
43.547947
44.018814
44.512249
44.988602
45.447403
45.928368
46.432079
46.918098
47.406475
47.876743
48.388592
48.877407
49.361256
49.835758
50.295517
50.739697
51.177197
51.610683
52.051113
52.482796
52.933544
53.337627
53.738537
54.126434
54.447048
54.746807
55.010036
55.246532
55.437275
55.594009
55.720798
55.809631
55.872505
55.904545
55.903950
55.889057
55.849873
55.802036
55.747955
55.642319
55.407978
55.083817
54.667732
54.332413
54.248592
54.512707
55.005005
55.466694
55.294159
54.174053
52.168362
49.655048
47.092686
44.905766
43.536953
43.385860
44.548931
46.411846
48.777863
50.993423
52.785759
53.957954
54.549095
54.745663
54.749416
54.741104
54.841293
55.023880
55.209793
55.344711
55.302696
55.120300
54.841976
54.543827
54.338028
54.167431
54.153469
54.219975
54.318260
54.404789
54.477135
54.511871
54.518028
54.505970
54.487225
54.450706
54.439163
54.395634
54.367893
54.319744
54.274857
54.197193
54.100815
54.004585
53.976822
53.840054
53.784496
53.723679
53.663906
53.594128
53.507454
53.400772
53.286694
53.167206
53.059654
52.936790
52.828983
52.740005
52.613468
52.503376
52.392506
52.287807
52.185257
52.051659
51.922295
51.791557
51.656216
51.535645
51.378410
51.227119
51.081253
50.949665
50.832516
50.719074
50.623768
50.552475
50.464649
50.415752
50.348236
50.324638
50.283443
50.271526
50.273560
50.287735
50.316559
50.359047
50.413273
50.490360
50.567387
50.639694
50.725109
50.814110
50.901913
51.000298
51.099609
51.208805
51.324074
51.435490
51.569107
51.693447
51.828400
51.968594
52.106907
52.234169
52.350780
52.455215
52.550381
52.635597
52.722813
52.797245
52.882965
52.980633
53.084869
53.190285
53.297806
53.396667
53.501678
53.588902
53.660217
53.728012
53.753231
53.789219
53.809624
53.818115
53.814888
53.793182
53.772053
53.731224
53.681267
53.612652
53.529129
53.455307
53.323784
53.189445
53.045296
52.869553
52.701447
52.519978
52.337059
52.156998
51.979866
51.816463
51.619965
51.423042
51.235252
51.064640
50.880703
50.722935
50.579868
50.454418
50.344063
50.252422
50.171299
50.122375
50.053989
50.043171
49.987011
49.970798
49.965485
49.972599
49.987507
50.021244
50.065689
50.120068
50.191265
50.272881
50.369835
50.479843
50.597488
50.737907
50.897476
51.064110
51.255089
51.465546
51.688343
51.888588
52.149197
52.379761
52.607643
52.834332
53.042980
53.242970
53.426273
53.590595
53.740570
53.874866
54.010845
54.134148
54.250473
54.362720
54.473824
54.579464
54.676670
54.763409
54.836884
54.898090
54.936871
54.959763
54.962845
54.946560
54.909367
54.843800
54.772015
54.668179
54.535263
54.371506
54.170967
53.963833
53.726765
53.477615
53.231255
52.992359
52.784763
52.573799
52.382191
52.192566
51.999722
51.811245
51.618042
51.426449
51.245846
51.070347
50.873844
50.697926
50.543568
50.354527
50.195702
50.047283
49.918556
49.808651
49.719715
49.652283
49.616451
49.601875
49.608112
49.636566
49.682800
49.763355
49.837021
49.935505
50.044971
50.153252
50.293083
50.433437
50.582661
50.741856
50.909977
51.091633
51.282867
51.483963
51.693111
51.901131
52.107342
52.308468
52.509613
52.715141
52.921047
53.124172
53.333706
53.526043
53.733574
53.920696
54.097137
54.255901
54.392685
54.504856
54.599373
54.643200
54.663532
54.649651
54.612335
54.560070
54.498627
54.433933
54.365288
54.291447
54.205708
54.118744
54.015842
53.897846
53.765572
53.611034
53.455750
53.280991
53.095062
52.899792
52.695961
52.483433
52.269943
52.054340
51.840950
51.630024
51.420780
51.225697
51.036224
50.856503
50.762196
50.762196
50.762196
50.762196
50.762196
50.762196
50.762196
50.762196
50.762196
50.762196
50.762196
50.762196
50.762196
50.762196
50.762196
50.762196
50.762196
50.762196
50.762196
50.762196
50.762196
50.762196
50.762196
50.762196
50.762196
50.762196
50.762196
50.762196
50.762196
50.762196
50.762196
50.762196
50.762196
50.762196
50.762196
50.762196
50.762196
50.762196
50.762196
50.762196
50.762196
50.762196
50.762196
50.762196
50.762196
50.762196
50.762196
50.762196
50.762196
50.749275
50.577541
50.452747
50.298935
50.179253
50.054600
49.947002
49.858986
49.789276
49.742496
49.710167
49.692089
49.693344
49.712769
49.756439
49.824173
49.905937
50.016148
50.117947
50.245277
50.397888
50.554272
50.734592
50.926540
51.124832
51.323635
51.520958
51.716328
51.900734
52.073578
52.235313
52.387665
52.544243
52.709034
52.884037
53.066525
53.253601
53.444435
53.637337
53.827232
54.008099
54.173141
54.322025
54.445183
54.542686
54.616421
54.667416
54.705639
54.725117
54.740578
54.716568
54.698158
54.657814
54.623264
54.546471
54.473587
54.398834
54.296825
54.202328
54.098106
53.984787
53.861385
53.729202
53.588104
53.439022
53.279980
53.112988
52.946384
52.772186
52.593697
52.414185
52.233746
52.055832
51.882965
51.713837
51.552197
51.390705
51.254368
51.121536
50.999401
50.885208
50.797970
50.688988
50.606266
50.527290
50.453129
50.392750
50.325180
50.287441
50.277660
50.298798
50.348854
50.424103
50.519726
50.625851
50.741291
50.865913
50.998360
51.141773
51.293724
51.453346
51.615929
51.776829
51.939289
52.097683
52.256821
52.420444
52.587193
52.760185
52.933521
53.100845
53.260483
53.407341
53.546021
53.677319
53.802574
53.920837
54.023899
54.113243
54.184158
54.236172
54.272049
54.291176
54.305927
54.312691
54.308964
54.297527
54.278721
54.232643
54.173096
54.099621
54.014362
53.915504
53.812904
53.697971
53.573414
53.437283
53.285168
53.125484
52.952351
52.773201
52.598804
52.425774
52.264439
52.107830
51.949566
51.791019
51.631012
51.476566
51.317955
51.157101
50.999294
50.842796
50.702625
50.570156
50.469101
50.393337
50.365372
50.340237
50.351940
50.380238
50.419811
50.462158
50.513580
50.567135
50.622921
50.679417
50.738472
50.814842
50.899181
50.994759
51.097603
51.208954
51.342339
51.486103
51.650887
51.815388
51.981606
52.157951
52.339520
52.517155
52.689686
52.854847
53.016106
53.169220
53.314243
53.447216
53.591919
53.694988
53.814274
53.926388
54.030701
54.148731
54.205887
54.274899
54.328888
54.367779
54.385986
54.379913
54.352398
54.305244
54.242817
54.173920
54.102436
54.029526
53.952656
53.870716
53.783916
53.689342
53.588818
53.479729
53.364620
53.241528
53.114910
52.976475
52.838646
52.697281
52.554523
52.409473
52.271145
52.133194
52.002213
51.876698
51.755695
51.648308
51.548447
51.458977
51.379204
51.307564
51.252754
51.207848
51.173874
51.151615
51.139915
51.142567
51.156055
51.179775
51.217609
51.263672
51.320473
51.380299
51.443714
51.511105
51.586704
51.669792
51.759865
51.859188
51.968586
52.085972
52.217072
52.355011
52.499756
52.642204
52.801174
52.958267
53.106617
53.267551
53.419479
53.566055
53.710495
53.848618
53.973110
54.106720
54.226212
54.338406
54.445347
54.544529
54.638046
54.722698
54.803848
54.876854
54.942398
55.001797
55.053913
55.098469
55.139709
55.182751
55.219700
55.279106
55.330296
55.379761
55.421028
55.453465
55.511257
55.487396
55.489651
55.483479
55.464806
55.432713
55.383713
55.321659
55.241497
55.145340
55.030910
54.918892
54.792145
54.661373
54.500271
54.427685
54.215328
54.059898
53.894619
53.701065
53.538940
53.364895
53.179089
52.991581
52.806297
52.624107
52.435635
52.247932
52.048935
51.838413
51.619759
51.394558
51.183231
50.982128
50.800640
50.685158
50.511078
50.406212
50.323914
50.265339
50.264225
50.188931
50.172726
50.169930
50.181263
50.199192
50.230244
50.270248
50.319935
50.381340
50.457630
50.550419
50.664368
50.797840
50.951191
51.122612
51.309929
51.510483
51.720215
51.927021
52.154724
52.373230
52.590977
52.804024
53.011124
53.210842
53.393536
53.583374
53.754719
53.915131
54.058186
54.202312
54.338829
54.470848
54.595318
54.711102
54.812263
54.899502
54.972717
55.033222
55.079746
55.108421
55.128479
55.132103
55.119263
55.089458
55.054676
54.978119
54.895012
54.799927
54.686256
54.552326
54.410118
54.250191
54.071968
53.875103
53.654446
53.423965
53.177177
52.925804
52.673695
52.431599
52.233910
51.989391
51.831520
51.670914
51.524326
51.386162
51.257504
51.136082
51.024433
50.959812
50.836967
50.767849
50.712364
50.671967
50.643131
50.636570
50.645657
50.672115
50.717369
50.774830
50.855774
50.951267
51.065010
51.197758
51.335766
51.502571
51.671406
51.843594
52.019360
52.198311
52.391037
52.601273
52.830437
53.108727
53.467827
53.865665
54.215607
54.448601
54.543510
54.570965
54.693195
55.026955
55.510918
56.022224
56.418713
56.591633
56.529579
56.320618
56.077068
55.909679
55.905167
56.079262
56.427277
56.882469
57.336403
57.834045
58.203663
58.458004
58.630489
58.730278
58.724415
58.678108
58.572906
58.407677
58.165394
57.903938
57.586273
57.251259
56.893650
56.584450
56.252563
55.894390
55.579151
55.454937
55.379692
54.283730
54.029972
53.636734
53.209080
52.770828
52.328259
51.884304
51.443764
51.035049
50.601208
50.366581
49.741589
49.611580
49.145504
48.864708
48.611118
48.386906
48.203262
48.054104
47.941998
47.863701
47.823700
47.832588
47.873734
47.940540
48.058037
48.218689
48.408863
48.631939
48.888908
49.177208
49.495079
49.840866
50.211823
50.605492
51.019318
51.455994
51.915886
52.391869
52.885101
53.392513
53.910374
54.429996
54.944370
55.449963
55.943455
56.425320
56.887272
57.333054
57.758236
58.160477
58.492363
58.891205
59.217667
59.519081
59.796467
60.020176
60.282505
60.492340
60.679264
60.863888
61.403957
61.155167
61.240765
61.326019
61.049633
60.976830
60.865700
60.743763
60.603504
60.476593
60.321678
60.173576
60.017357
59.870678
59.730888
59.606216
59.476345
59.384411
